File Version=BWSpec4.04_00
Rseponse Ratio File Version=1.0
CCode=SFG
Int.Time=1400
LowNoiseModeTimeGate=600000
P_Number=2048
Standard Name=SRM 2241 R2  ( Raman)
Start Pixe=30
End Pixel=2035
Start WN=64
End WN=2801
Standard Coefs Order=5
Coefs_C0=0.0971937
Coefs_C1=2.28325E-04
Coefs_C2=-5.86762E-08
Coefs_C3=2.16023E-10
Coefs_C4=-9.77171E-14
Coefs_C5=-9.77171E-14
Pixel   ;  Ratio
0;9.79753289182783;9.79753289182783
1;10.1429083878655;10.1429083878655
2;10.638242235957;10.638242235957
3;10.4384853080536;10.4384853080536
4;10.3152539986874;10.3152539986874
5;10.2998419344834;10.2998419344834
6;9.93214748869232;9.93214748869232
7;9.69034431779744;9.69034431779744
8;9.71208954498152;9.71208954498152
9;9.668284914359;9.668284914359
10;9.35713456234039;9.35713456234039
11;9.21750750568689;9.21750750568689
12;8.98226411496081;8.98226411496081
13;8.8990534010948;8.8990534010948
14;8.40434341142468;8.40434341142468
15;8.15449372086313;8.15449372086313
16;7.94214779042729;7.94214779042729
17;7.69011013677202;7.69011013677202
18;7.46285982863751;7.46285982863751
19;7.12625257120067;7.12625257120067
20;6.84585398749289;6.84585398749289
21;6.22503141352816;6.22503141352816
22;5.62441315505904;5.62441315505904
23;4.55861920836303;4.55861920836303
24;3.56113936811741;3.56113936811741
25;2.76521384271775;2.76521384271775
26;2.06944868253905;2.06944868253905
27;1.55375171449005;1.55375171449005
28;1.11885957288011;1.11885957288011
29;0.779999934448193;0.779999934448193
30;0.561683008146551;0.561683008146551
31;0.44362851938768;0.44362851938768
32;0.394580240777769;0.394580240777769
33;0.376023135894809;0.376023135894809
34;0.358750892670287;0.358750892670287
35;0.349152375624935;0.349152375624935
36;0.340886869290568;0.340886869290568
37;0.335248322881944;0.335248322881944
38;0.330663761246296;0.330663761246296
39;0.327117750705411;0.327117750705411
40;0.325414863755436;0.325414863755436
41;0.324165867642111;0.324165867642111
42;0.323541109195477;0.323541109195477
43;0.324844387423593;0.324844387423593
44;0.324607290164457;0.324607290164457
45;0.323984355572003;0.323984355572003
46;0.320875055691133;0.320875055691133
47;0.323446297864289;0.323446297864289
48;0.324950538041972;0.324950538041972
49;0.324119113711122;0.324119113711122
50;0.322776991742324;0.322776991742324
51;0.32381930033272;0.32381930033272
52;0.323726192901451;0.323726192901451
53;0.323319963777061;0.323319963777061
54;0.32366978011371;0.32366978011371
55;0.324588204079478;0.324588204079478
56;0.324829039367439;0.324829039367439
57;0.324719724491325;0.324719724491325
58;0.325477209474724;0.325477209474724
59;0.325676476480874;0.325676476480874
60;0.327422473633927;0.327422473633927
61;0.329199879681709;0.329199879681709
62;0.327838352479829;0.327838352479829
63;0.329027795418204;0.329027795418204
64;0.32970643146091;0.32970643146091
65;0.328206366776489;0.328206366776489
66;0.329641273505881;0.329641273505881
67;0.32904083646023;0.32904083646023
68;0.329170818758152;0.329170818758152
69;0.329589908763448;0.329589908763448
70;0.328175102021509;0.328175102021509
71;0.329556022519158;0.329556022519158
72;0.330162782116205;0.330162782116205
73;0.329856909303228;0.329856909303228
74;0.332033837979626;0.332033837979626
75;0.333301360109864;0.333301360109864
76;0.332260410288641;0.332260410288641
77;0.333569171856304;0.333569171856304
78;0.334111875562344;0.334111875562344
79;0.333852379083906;0.333852379083906
80;0.33302820939095;0.33302820939095
81;0.333929862128226;0.333929862128226
82;0.331208669289716;0.331208669289716
83;0.333876489911804;0.333876489911804
84;0.332634149843792;0.332634149843792
85;0.332387292115016;0.332387292115016
86;0.333368032453249;0.333368032453249
87;0.332119971164596;0.332119971164596
88;0.331233538796543;0.331233538796543
89;0.332693222441217;0.332693222441217
90;0.332911959646384;0.332911959646384
91;0.334094452280603;0.334094452280603
92;0.333266637423077;0.333266637423077
93;0.334455426499129;0.334455426499129
94;0.333968414463622;0.333968414463622
95;0.333691460380167;0.333691460380167
96;0.335538248499731;0.335538248499731
97;0.333938556378939;0.333938556378939
98;0.332847218888564;0.332847218888564
99;0.333619814837857;0.333619814837857
100;0.334357852349156;0.334357852349156
101;0.333542083932002;0.333542083932002
102;0.333420462210801;0.333420462210801
103;0.333862521903265;0.333862521903265
104;0.333941480179344;0.333941480179344
105;0.334955534583762;0.334955534583762
106;0.335349853229637;0.335349853229637
107;0.335826877906452;0.335826877906452
108;0.336297345436207;0.336297345436207
109;0.336454884698105;0.336454884698105
110;0.338449572298181;0.338449572298181
111;0.33865333561576;0.33865333561576
112;0.338856676043798;0.338856676043798
113;0.340580356422376;0.340580356422376
114;0.338738712423989;0.338738712423989
115;0.34044702538448;0.34044702538448
116;0.340742199824634;0.340742199824634
117;0.340595958919461;0.340595958919461
118;0.340779129943483;0.340779129943483
119;0.339811016166214;0.339811016166214
120;0.33963825255494;0.33963825255494
121;0.338681030025517;0.338681030025517
122;0.340183457058215;0.340183457058215
123;0.339184819724819;0.339184819724819
124;0.339224624222695;0.339224624222695
125;0.339173001696554;0.339173001696554
126;0.340376156910731;0.340376156910731
127;0.339847338628989;0.339847338628989
128;0.341688100409056;0.341688100409056
129;0.341626593720901;0.341626593720901
130;0.342324002021302;0.342324002021302
131;0.342576171919885;0.342576171919885
132;0.343739478395075;0.343739478395075
133;0.345742547055671;0.345742547055671
134;0.343952465176288;0.343952465176288
135;0.346253985814855;0.346253985814855
136;0.345449193776825;0.345449193776825
137;0.345990651365723;0.345990651365723
138;0.347103444860238;0.347103444860238
139;0.346149691686026;0.346149691686026
140;0.345916932277566;0.345916932277566
141;0.345632863666619;0.345632863666619
142;0.346676018502129;0.346676018502129
143;0.346241747644946;0.346241747644946
144;0.346217006808017;0.346217006808017
145;0.345142243800632;0.345142243800632
146;0.347176609082852;0.347176609082852
147;0.34481418635044;0.34481418635044
148;0.345695017328099;0.345695017328099
149;0.346449762458911;0.346449762458911
150;0.34741071933212;0.34741071933212
151;0.347098926041103;0.347098926041103
152;0.346439305437755;0.346439305437755
153;0.348627075105508;0.348627075105508
154;0.34951838679512;0.34951838679512
155;0.350155662571225;0.350155662571225
156;0.35105827761139;0.35105827761139
157;0.351503961807619;0.351503961807619
158;0.350525653109841;0.350525653109841
159;0.351477472847796;0.351477472847796
160;0.351610677259503;0.351610677259503
161;0.352726312314308;0.352726312314308
162;0.35268392874859;0.35268392874859
163;0.355856878140607;0.355856878140607
164;0.353592281157549;0.353592281157549
165;0.353661055764782;0.353661055764782
166;0.352207587262137;0.352207587262137
167;0.354378149241502;0.354378149241502
168;0.353463236205393;0.353463236205393
169;0.353483179270883;0.353483179270883
170;0.351828923268946;0.351828923268946
171;0.352373827526657;0.352373827526657
172;0.353289748028193;0.353289748028193
173;0.353777637197672;0.353777637197672
174;0.353446275284948;0.353446275284948
175;0.355840470477456;0.355840470477456
176;0.355172823863307;0.355172823863307
177;0.35672152508999;0.35672152508999
178;0.355687574330773;0.355687574330773
179;0.35667454602667;0.35667454602667
180;0.358317007392334;0.358317007392334
181;0.359334772741336;0.359334772741336
182;0.358770164935883;0.358770164935883
183;0.358304050735572;0.358304050735572
184;0.35984058194023;0.35984058194023
185;0.360066809524869;0.360066809524869
186;0.36095724493524;0.36095724493524
187;0.362271071002208;0.362271071002208
188;0.361144512680063;0.361144512680063
189;0.360555793260661;0.360555793260661
190;0.360172639497532;0.360172639497532
191;0.362076776958815;0.362076776958815
192;0.361223392553296;0.361223392553296
193;0.36125181438946;0.36125181438946
194;0.362916276060831;0.362916276060831
195;0.36023022250804;0.36023022250804
196;0.361637228794173;0.361637228794173
197;0.363182217125423;0.363182217125423
198;0.362070705062676;0.362070705062676
199;0.364052182772715;0.364052182772715
200;0.364208413605427;0.364208413605427
201;0.36385065645749;0.36385065645749
202;0.363238374120863;0.363238374120863
203;0.364344341476366;0.364344341476366
204;0.364487554755181;0.364487554755181
205;0.366134340336524;0.366134340336524
206;0.367378763700059;0.367378763700059
207;0.367641700579688;0.367641700579688
208;0.365932572293922;0.365932572293922
209;0.368791915166122;0.368791915166122
210;0.370369330625275;0.370369330625275
211;0.368955003899332;0.368955003899332
212;0.371077847030691;0.371077847030691
213;0.373210594769056;0.373210594769056
214;0.372828169957867;0.372828169957867
215;0.374822398449876;0.374822398449876
216;0.376829308171786;0.376829308171786
217;0.37722339187795;0.37722339187795
218;0.377811970892792;0.377811970892792
219;0.378095653864841;0.378095653864841
220;0.380305189389208;0.380305189389208
221;0.37926230568989;0.37926230568989
222;0.381118708337453;0.381118708337453
223;0.380877586957076;0.380877586957076
224;0.380460274064445;0.380460274064445
225;0.382161882799468;0.382161882799468
226;0.382085523417681;0.382085523417681
227;0.384073384796979;0.384073384796979
228;0.384089764035609;0.384089764035609
229;0.383826883617075;0.383826883617075
230;0.384887632918542;0.384887632918542
231;0.384947748761682;0.384947748761682
232;0.385204183573164;0.385204183573164
233;0.386100745939226;0.386100745939226
234;0.386844435449328;0.386844435449328
235;0.386523718969214;0.386523718969214
236;0.389528565054105;0.389528565054105
237;0.38853025117328;0.38853025117328
238;0.388611044382157;0.388611044382157
239;0.392621636241627;0.392621636241627
240;0.393657854481229;0.393657854481229
241;0.39431056187394;0.39431056187394
242;0.395479600620247;0.395479600620247
243;0.395491829165623;0.395491829165623
244;0.396569306952499;0.396569306952499
245;0.394603358982054;0.394603358982054
246;0.398090276054744;0.398090276054744
247;0.397758209342775;0.397758209342775
248;0.39839585390176;0.39839585390176
249;0.397855172364797;0.397855172364797
250;0.39894803509241;0.39894803509241
251;0.400408368692841;0.400408368692841
252;0.401890176030189;0.401890176030189
253;0.399121287759425;0.399121287759425
254;0.402862001497231;0.402862001497231
255;0.401632163894961;0.401632163894961
256;0.40079473203988;0.40079473203988
257;0.401323968934958;0.401323968934958
258;0.401896599068703;0.401896599068703
259;0.40162665932671;0.40162665932671
260;0.40127895941928;0.40127895941928
261;0.402168305007042;0.402168305007042
262;0.400407363338335;0.400407363338335
263;0.401511847528941;0.401511847528941
264;0.401119337151252;0.401119337151252
265;0.402628985663764;0.402628985663764
266;0.403516785213616;0.403516785213616
267;0.401862413587613;0.401862413587613
268;0.403619458523019;0.403619458523019
269;0.400690530289021;0.400690530289021
270;0.404129938444685;0.404129938444685
271;0.404048404937787;0.404048404937787
272;0.407491989512408;0.407491989512408
273;0.406899882681585;0.406899882681585
274;0.407907841084541;0.407907841084541
275;0.408992770393392;0.408992770393392
276;0.409060833660552;0.409060833660552
277;0.410957297239425;0.410957297239425
278;0.410370695591952;0.410370695591952
279;0.409275710907013;0.409275710907013
280;0.410599758442527;0.410599758442527
281;0.410268339139046;0.410268339139046
282;0.41023866932707;0.41023866932707
283;0.408276882235657;0.408276882235657
284;0.409277357289808;0.409277357289808
285;0.409665499448709;0.409665499448709
286;0.409194613976144;0.409194613976144
287;0.410542577785465;0.410542577785465
288;0.409851409798876;0.409851409798876
289;0.409768436514271;0.409768436514271
290;0.409368536626538;0.409368536626538
291;0.409268713133866;0.409268713133866
292;0.41058675253416;0.41058675253416
293;0.410950614612988;0.410950614612988
294;0.411941968835515;0.411941968835515
295;0.41172580751421;0.41172580751421
296;0.411683708549184;0.411683708549184
297;0.410276543267606;0.410276543267606
298;0.411474077760691;0.411474077760691
299;0.412757542103936;0.412757542103936
300;0.411595746537875;0.411595746537875
301;0.412126853252763;0.412126853252763
302;0.414461919815476;0.414461919815476
303;0.41536924735269;0.41536924735269
304;0.415260602970143;0.415260602970143
305;0.416016757701122;0.416016757701122
306;0.416663911422985;0.416663911422985
307;0.416743193316331;0.416743193316331
308;0.418780901298315;0.418780901298315
309;0.4199657750965;0.4199657750965
310;0.420499429837743;0.420499429837743
311;0.422571334040538;0.422571334040538
312;0.424137774681575;0.424137774681575
313;0.422877358269057;0.422877358269057
314;0.422820095451562;0.422820095451562
315;0.421818989430825;0.421818989430825
316;0.423498798933891;0.423498798933891
317;0.423422777787295;0.423422777787295
318;0.424167758996699;0.424167758996699
319;0.42366257537066;0.42366257537066
320;0.423365428824066;0.423365428824066
321;0.424983649156567;0.424983649156567
322;0.423423356228457;0.423423356228457
323;0.422253460949534;0.422253460949534
324;0.422143230559832;0.422143230559832
325;0.421819236498135;0.421819236498135
326;0.421380816719518;0.421380816719518
327;0.422471625892303;0.422471625892303
328;0.423282196367388;0.423282196367388
329;0.423647023741665;0.423647023741665
330;0.425652832150193;0.425652832150193
331;0.42496694077486;0.42496694077486
332;0.425635062475456;0.425635062475456
333;0.428148521407441;0.428148521407441
334;0.427772132677679;0.427772132677679
335;0.427785727975021;0.427785727975021
336;0.428646413165867;0.428646413165867
337;0.429523488317345;0.429523488317345
338;0.430308092225279;0.430308092225279
339;0.429638534271575;0.429638534271575
340;0.42993695802177;0.42993695802177
341;0.430256218040999;0.430256218040999
342;0.432354208913033;0.432354208913033
343;0.433447088468573;0.433447088468573
344;0.434275755311196;0.434275755311196
345;0.436672791216646;0.436672791216646
346;0.435605808248353;0.435605808248353
347;0.436807981922476;0.436807981922476
348;0.434547433510964;0.434547433510964
349;0.437385693518049;0.437385693518049
350;0.439157405025298;0.439157405025298
351;0.440265316870245;0.440265316870245
352;0.442043542642306;0.442043542642306
353;0.443306567395277;0.443306567395277
354;0.442845668522586;0.442845668522586
355;0.442933979159836;0.442933979159836
356;0.442404852926103;0.442404852926103
357;0.443498739559422;0.443498739559422
358;0.443900470059996;0.443900470059996
359;0.443869115572056;0.443869115572056
360;0.443849498280773;0.443849498280773
361;0.442578721519869;0.442578721519869
362;0.443441751840373;0.443441751840373
363;0.441207285329513;0.441207285329513
364;0.441760929947976;0.441760929947976
365;0.441611989346979;0.441611989346979
366;0.441341381622124;0.441341381622124
367;0.441755905856082;0.441755905856082
368;0.440465685353993;0.440465685353993
369;0.441243048802059;0.441243048802059
370;0.44313873544794;0.44313873544794
371;0.441059651927004;0.441059651927004
372;0.43915024239476;0.43915024239476
373;0.440624276919444;0.440624276919444
374;0.441621576132611;0.441621576132611
375;0.442630410170556;0.442630410170556
376;0.443239068681692;0.443239068681692
377;0.444662580422317;0.444662580422317
378;0.442890869409727;0.442890869409727
379;0.444116348959194;0.444116348959194
380;0.44260030715279;0.44260030715279
381;0.444371775734565;0.444371775734565
382;0.445263422296822;0.445263422296822
383;0.445361041013847;0.445361041013847
384;0.445418931338024;0.445418931338024
385;0.445759790197343;0.445759790197343
386;0.446777121793432;0.446777121793432
387;0.447355438644337;0.447355438644337
388;0.446657198562496;0.446657198562496
389;0.449853096480443;0.449853096480443
390;0.450345834190424;0.450345834190424
391;0.450619639395349;0.450619639395349
392;0.452521893611688;0.452521893611688
393;0.451030668706165;0.451030668706165
394;0.451965807244718;0.451965807244718
395;0.453632461349139;0.453632461349139
396;0.453634855445888;0.453634855445888
397;0.452890352182491;0.452890352182491
398;0.454661921944866;0.454661921944866
399;0.456076603490027;0.456076603490027
400;0.456093272969645;0.456093272969645
401;0.454963983576775;0.454963983576775
402;0.454822324888811;0.454822324888811
403;0.457025814144021;0.457025814144021
404;0.45740159618838;0.45740159618838
405;0.456032750973583;0.456032750973583
406;0.45668296698002;0.45668296698002
407;0.455674595310683;0.455674595310683
408;0.457496779134045;0.457496779134045
409;0.457422781065862;0.457422781065862
410;0.454925970142855;0.454925970142855
411;0.456916378354299;0.456916378354299
412;0.461415052804348;0.461415052804348
413;0.462743881415389;0.462743881415389
414;0.459923589397121;0.459923589397121
415;0.459124333026958;0.459124333026958
416;0.460510170360732;0.460510170360732
417;0.462871104817431;0.462871104817431
418;0.463201396660596;0.463201396660596
419;0.466121978865696;0.466121978865696
420;0.466322357191483;0.466322357191483
421;0.46872129130127;0.46872129130127
422;0.469132186885428;0.469132186885428
423;0.469859410928568;0.469859410928568
424;0.472166276425646;0.472166276425646
425;0.473100100921131;0.473100100921131
426;0.473054998773845;0.473054998773845
427;0.475128348602759;0.475128348602759
428;0.475280541631534;0.475280541631534
429;0.476069292941062;0.476069292941062
430;0.476426568533893;0.476426568533893
431;0.476910135864238;0.476910135864238
432;0.478654808561724;0.478654808561724
433;0.479212485047272;0.479212485047272
434;0.477619672883269;0.477619672883269
435;0.480248406760625;0.480248406760625
436;0.480287538319426;0.480287538319426
437;0.482787926774257;0.482787926774257
438;0.482213038243952;0.482213038243952
439;0.480709140350375;0.480709140350375
440;0.47994282346941;0.47994282346941
441;0.480399775255752;0.480399775255752
442;0.481097670665025;0.481097670665025
443;0.480023702283251;0.480023702283251
444;0.480866251367368;0.480866251367368
445;0.481364777700597;0.481364777700597
446;0.482296707727873;0.482296707727873
447;0.481699863621319;0.481699863621319
448;0.483796075494568;0.483796075494568
449;0.483264440025797;0.483264440025797
450;0.480770291126169;0.480770291126169
451;0.479061661117504;0.479061661117504
452;0.47995783615766;0.47995783615766
453;0.479622482724684;0.479622482724684
454;0.479035670272729;0.479035670272729
455;0.479349876914762;0.479349876914762
456;0.477774783442018;0.477774783442018
457;0.47817062307539;0.47817062307539
458;0.478777722369805;0.478777722369805
459;0.478575288240394;0.478575288240394
460;0.478609983383701;0.478609983383701
461;0.477338355148614;0.477338355148614
462;0.478506643805991;0.478506643805991
463;0.479127099840888;0.479127099840888
464;0.477128728367416;0.477128728367416
465;0.478440826057978;0.478440826057978
466;0.478931015316992;0.478931015316992
467;0.476933465842178;0.476933465842178
468;0.478960257258369;0.478960257258369
469;0.47869488179483;0.47869488179483
470;0.482145045234021;0.482145045234021
471;0.480552980571287;0.480552980571287
472;0.48090893508757;0.48090893508757
473;0.481210452995524;0.481210452995524
474;0.481393445977492;0.481393445977492
475;0.482763086885563;0.482763086885563
476;0.480762120681477;0.480762120681477
477;0.483191676119305;0.483191676119305
478;0.483497583057875;0.483497583057875
479;0.483098074998216;0.483098074998216
480;0.485376503525624;0.485376503525624
481;0.485741087104325;0.485741087104325
482;0.486150220682597;0.486150220682597
483;0.488701137109125;0.488701137109125
484;0.489419978388181;0.489419978388181
485;0.490655955607038;0.490655955607038
486;0.492010255769837;0.492010255769837
487;0.492241606329103;0.492241606329103
488;0.492115894950352;0.492115894950352
489;0.496684282523293;0.496684282523293
490;0.498099603149207;0.498099603149207
491;0.499446372918978;0.499446372918978
492;0.502496688956859;0.502496688956859
493;0.502616082303959;0.502616082303959
494;0.502735797257864;0.502735797257864
495;0.50398261080563;0.50398261080563
496;0.505853715678593;0.505853715678593
497;0.50914683733203;0.50914683733203
498;0.507238294908597;0.507238294908597
499;0.508366569654416;0.508366569654416
500;0.508780682168497;0.508780682168497
501;0.509110588067915;0.509110588067915
502;0.510344980210281;0.510344980210281
503;0.512396634785929;0.512396634785929
504;0.510299109572494;0.510299109572494
505;0.511122100279488;0.511122100279488
506;0.511834921521639;0.511834921521639
507;0.510309039071045;0.510309039071045
508;0.512518612616284;0.512518612616284
509;0.512112763691414;0.512112763691414
510;0.513133577730015;0.513133577730015
511;0.512195339659529;0.512195339659529
512;0.512075860338907;0.512075860338907
513;0.514107783515411;0.514107783515411
514;0.511840288018563;0.511840288018563
515;0.512122876814236;0.512122876814236
516;0.51060449837117;0.51060449837117
517;0.510190303646806;0.510190303646806
518;0.50967676318919;0.50967676318919
519;0.509237916657357;0.509237916657357
520;0.509863713287608;0.509863713287608
521;0.507970230971258;0.507970230971258
522;0.508488204586121;0.508488204586121
523;0.510433057580192;0.510433057580192
524;0.507607681190884;0.507607681190884
525;0.507513996631938;0.507513996631938
526;0.50603830184665;0.50603830184665
527;0.508536967956082;0.508536967956082
528;0.506608643381383;0.506608643381383
529;0.50556764313048;0.50556764313048
530;0.505934636915551;0.505934636915551
531;0.506252222397041;0.506252222397041
532;0.504829375480764;0.504829375480764
533;0.504192299330259;0.504192299330259
534;0.503826168621454;0.503826168621454
535;0.504809681473176;0.504809681473176
536;0.503815076294534;0.503815076294534
537;0.503116821004031;0.503116821004031
538;0.503594517416476;0.503594517416476
539;0.504515015850576;0.504515015850576
540;0.504106940635208;0.504106940635208
541;0.504747303538058;0.504747303538058
542;0.5039292381947;0.5039292381947
543;0.506731765788449;0.506731765788449
544;0.506716142443028;0.506716142443028
545;0.508066276174436;0.508066276174436
546;0.508978075983142;0.508978075983142
547;0.51197688417719;0.51197688417719
548;0.511812361743597;0.511812361743597
549;0.51326169612224;0.51326169612224
550;0.51632417813005;0.51632417813005
551;0.517176453942941;0.517176453942941
552;0.519383935033537;0.519383935033537
553;0.520344166169069;0.520344166169069
554;0.521731664323556;0.521731664323556
555;0.521940557125303;0.521940557125303
556;0.522470418616088;0.522470418616088
557;0.526085632807345;0.526085632807345
558;0.528068156471431;0.528068156471431
559;0.530223842530043;0.530223842530043
560;0.533937105280325;0.533937105280325
561;0.532993725237961;0.532993725237961
562;0.533322519017322;0.533322519017322
563;0.535958166776325;0.535958166776325
564;0.535342973763622;0.535342973763622
565;0.537636269580261;0.537636269580261
566;0.539457555812601;0.539457555812601
567;0.542281234574037;0.542281234574037
568;0.54199591105572;0.54199591105572
569;0.541664839250656;0.541664839250656
570;0.543125154885805;0.543125154885805
571;0.542898502368807;0.542898502368807
572;0.541731706525467;0.541731706525467
573;0.541431684952117;0.541431684952117
574;0.542331912930657;0.542331912930657
575;0.541995542240551;0.541995542240551
576;0.541989882962717;0.541989882962717
577;0.540518890062353;0.540518890062353
578;0.538875944529253;0.538875944529253
579;0.540411536497161;0.540411536497161
580;0.537752766966065;0.537752766966065
581;0.538169609082492;0.538169609082492
582;0.537887792965765;0.537887792965765
583;0.538839106536481;0.538839106536481
584;0.537253187749678;0.537253187749678
585;0.538155372385337;0.538155372385337
586;0.536454869214046;0.536454869214046
587;0.537308208332423;0.537308208332423
588;0.533837496254901;0.533837496254901
589;0.531418196546351;0.531418196546351
590;0.531009421411329;0.531009421411329
591;0.530861815707541;0.530861815707541
592;0.529960673208019;0.529960673208019
593;0.52996218182161;0.52996218182161
594;0.533681820018401;0.533681820018401
595;0.529077823434581;0.529077823434581
596;0.530922056889252;0.530922056889252
597;0.531849326175935;0.531849326175935
598;0.531709118100441;0.531709118100441
599;0.532907536914994;0.532907536914994
600;0.531832126388277;0.531832126388277
601;0.532417913684394;0.532417913684394
602;0.531037199737215;0.531037199737215
603;0.530504324403017;0.530504324403017
604;0.533670609346852;0.533670609346852
605;0.534371192204341;0.534371192204341
606;0.535284885033931;0.535284885033931
607;0.537410917422718;0.537410917422718
608;0.540392937471105;0.540392937471105
609;0.542574890892938;0.542574890892938
610;0.542735289317875;0.542735289317875
611;0.543227186150445;0.543227186150445
612;0.543916923502757;0.543916923502757
613;0.544071262048118;0.544071262048118
614;0.546844747332521;0.546844747332521
615;0.546308639165547;0.546308639165547
616;0.547018085557486;0.547018085557486
617;0.551887314272316;0.551887314272316
618;0.553615988123325;0.553615988123325
619;0.553608306460912;0.553608306460912
620;0.556787569490759;0.556787569490759
621;0.554892691181903;0.554892691181903
622;0.555122657568862;0.555122657568862
623;0.555774135349494;0.555774135349494
624;0.556333805884962;0.556333805884962
625;0.55845485419076;0.55845485419076
626;0.557360510390299;0.557360510390299
627;0.555758327762736;0.555758327762736
628;0.55695332748997;0.55695332748997
629;0.554270451611637;0.554270451611637
630;0.552823444146783;0.552823444146783
631;0.556456343759824;0.556456343759824
632;0.557389620924647;0.557389620924647
633;0.557768263902157;0.557768263902157
634;0.559186802363854;0.559186802363854
635;0.562391049941846;0.562391049941846
636;0.563074369490887;0.563074369490887
637;0.56529719932154;0.56529719932154
638;0.563897930037251;0.563897930037251
639;0.559337951523884;0.559337951523884
640;0.561436727392568;0.561436727392568
641;0.565513838703902;0.565513838703902
642;0.567489024822302;0.567489024822302
643;0.565597285534138;0.565597285534138
644;0.567336493753149;0.567336493753149
645;0.568099085378098;0.568099085378098
646;0.570666113240755;0.570666113240755
647;0.572317460658288;0.572317460658288
648;0.572838670154817;0.572838670154817
649;0.571288201091823;0.571288201091823
650;0.572888687249447;0.572888687249447
651;0.57224482335925;0.57224482335925
652;0.570373292479801;0.570373292479801
653;0.571362678021195;0.571362678021195
654;0.569473835736686;0.569473835736686
655;0.571449569846876;0.571449569846876
656;0.570964946980089;0.570964946980089
657;0.573990886177226;0.573990886177226
658;0.574023607101159;0.574023607101159
659;0.574431244693836;0.574431244693836
660;0.574571440433717;0.574571440433717
661;0.573254002814849;0.573254002814849
662;0.575307599894311;0.575307599894311
663;0.578605548293813;0.578605548293813
664;0.577548325425973;0.577548325425973
665;0.579939068779374;0.579939068779374
666;0.578089753054072;0.578089753054072
667;0.577553185782241;0.577553185782241
668;0.577300823835627;0.577300823835627
669;0.577857668505596;0.577857668505596
670;0.576565308851113;0.576565308851113
671;0.576759165617586;0.576759165617586
672;0.576328283375726;0.576328283375726
673;0.574426793829509;0.574426793829509
674;0.573828956024405;0.573828956024405
675;0.573254282161362;0.573254282161362
676;0.573355431520723;0.573355431520723
677;0.573925361433194;0.573925361433194
678;0.573214137321698;0.573214137321698
679;0.572794334597828;0.572794334597828
680;0.572336996381093;0.572336996381093
681;0.569370104329847;0.569370104329847
682;0.569817356457884;0.569817356457884
683;0.569897987935953;0.569897987935953
684;0.56749435238464;0.56749435238464
685;0.566311588634665;0.566311588634665
686;0.567989030878735;0.567989030878735
687;0.56881024247025;0.56881024247025
688;0.569423567811654;0.569423567811654
689;0.569746385401859;0.569746385401859
690;0.568882513424566;0.568882513424566
691;0.569956265931776;0.569956265931776
692;0.572111194847099;0.572111194847099
693;0.57074853683761;0.57074853683761
694;0.57248530709196;0.57248530709196
695;0.574023369091873;0.574023369091873
696;0.574872782361699;0.574872782361699
697;0.577312356124311;0.577312356124311
698;0.579267166659127;0.579267166659127
699;0.581800454788723;0.581800454788723
700;0.583544129156711;0.583544129156711
701;0.584882533709379;0.584882533709379
702;0.587365590594492;0.587365590594492
703;0.589639404931217;0.589639404931217
704;0.592803905762243;0.592803905762243
705;0.596381387717797;0.596381387717797
706;0.601412951318137;0.601412951318137
707;0.603863711631133;0.603863711631133
708;0.6082888077253;0.6082888077253
709;0.606347720220095;0.606347720220095
710;0.613261133766448;0.613261133766448
711;0.611502649831886;0.611502649831886
712;0.611370505348606;0.611370505348606
713;0.609785659257064;0.609785659257064
714;0.610593105152285;0.610593105152285
715;0.611454117399938;0.611454117399938
716;0.611617718408035;0.611617718408035
717;0.612612087757283;0.612612087757283
718;0.612516976594361;0.612516976594361
719;0.6154441431044;0.6154441431044
720;0.612883855689687;0.612883855689687
721;0.611642458307748;0.611642458307748
722;0.610690253727616;0.610690253727616
723;0.613271484670212;0.613271484670212
724;0.610984392888817;0.610984392888817
725;0.60694872339798;0.60694872339798
726;0.607234252794967;0.607234252794967
727;0.604725645500335;0.604725645500335
728;0.603283673320701;0.603283673320701
729;0.601903523716051;0.601903523716051
730;0.599769373301472;0.599769373301472
731;0.600506192260428;0.600506192260428
732;0.600575002026536;0.600575002026536
733;0.598420793324345;0.598420793324345
734;0.596248119817729;0.596248119817729
735;0.596753542229491;0.596753542229491
736;0.597467293177667;0.597467293177667
737;0.594027398603869;0.594027398603869
738;0.592815912628673;0.592815912628673
739;0.591030379916049;0.591030379916049
740;0.590920386222795;0.590920386222795
741;0.593742998385169;0.593742998385169
742;0.593248970169796;0.593248970169796
743;0.592650437063332;0.592650437063332
744;0.593993620573104;0.593993620573104
745;0.593612386641749;0.593612386641749
746;0.592126935976736;0.592126935976736
747;0.594800413894791;0.594800413894791
748;0.595748765526341;0.595748765526341
749;0.599336528680474;0.599336528680474
750;0.598424309557751;0.598424309557751
751;0.601798523982588;0.601798523982588
752;0.603483672355894;0.603483672355894
753;0.605218606442697;0.605218606442697
754;0.606803582172673;0.606803582172673
755;0.609707434517474;0.609707434517474
756;0.612799363865088;0.612799363865088
757;0.616037770587157;0.616037770587157
758;0.616867887881359;0.616867887881359
759;0.619989814740529;0.619989814740529
760;0.622674422336313;0.622674422336313
761;0.624669867287496;0.624669867287496
762;0.626614658056753;0.626614658056753
763;0.630895027638505;0.630895027638505
764;0.631652777381765;0.631652777381765
765;0.629938301070907;0.629938301070907
766;0.632080205301899;0.632080205301899
767;0.633361146225958;0.633361146225958
768;0.633993937858183;0.633993937858183
769;0.636122492522282;0.636122492522282
770;0.636938999226562;0.636938999226562
771;0.634746413437174;0.634746413437174
772;0.637102185294439;0.637102185294439
773;0.63558818131424;0.63558818131424
774;0.638099176716162;0.638099176716162
775;0.639934715227092;0.639934715227092
776;0.63983390834077;0.63983390834077
777;0.639134521667934;0.639134521667934
778;0.638868347187343;0.638868347187343
779;0.63997444631426;0.63997444631426
780;0.640116031795857;0.640116031795857
781;0.639773342323682;0.639773342323682
782;0.638906979816921;0.638906979816921
783;0.640307585901973;0.640307585901973
784;0.642837935434194;0.642837935434194
785;0.644680831899647;0.644680831899647
786;0.642100711195124;0.642100711195124
787;0.638361732579805;0.638361732579805
788;0.637919668296445;0.637919668296445
789;0.638134594184206;0.638134594184206
790;0.638947048909561;0.638947048909561
791;0.638293555169521;0.638293555169521
792;0.639135660267374;0.639135660267374
793;0.639005090762685;0.639005090762685
794;0.638285179699906;0.638285179699906
795;0.637710132013259;0.637710132013259
796;0.639345837911566;0.639345837911566
797;0.640172965248875;0.640172965248875
798;0.63799009674521;0.63799009674521
799;0.63787216733948;0.63787216733948
800;0.635061209596697;0.635061209596697
801;0.637439311256876;0.637439311256876
802;0.639682682918393;0.639682682918393
803;0.638930953070519;0.638930953070519
804;0.640862764593383;0.640862764593383
805;0.640280619096766;0.640280619096766
806;0.639300380438941;0.639300380438941
807;0.638734532983495;0.638734532983495
808;0.641118979879896;0.641118979879896
809;0.638977516886424;0.638977516886424
810;0.640084543064658;0.640084543064658
811;0.63957544084368;0.63957544084368
812;0.640546084375753;0.640546084375753
813;0.641288916515178;0.641288916515178
814;0.64014771381302;0.64014771381302
815;0.642114581285197;0.642114581285197
816;0.64180904152027;0.64180904152027
817;0.645206768707866;0.645206768707866
818;0.642005274704747;0.642005274704747
819;0.642490064110446;0.642490064110446
820;0.64709320257991;0.64709320257991
821;0.646146574429574;0.646146574429574
822;0.64662506508571;0.64662506508571
823;0.649621168481976;0.649621168481976
824;0.648144046251368;0.648144046251368
825;0.648417023287844;0.648417023287844
826;0.650905730531074;0.650905730531074
827;0.651918540271308;0.651918540271308
828;0.65471524874727;0.65471524874727
829;0.653338231276861;0.653338231276861
830;0.653817831347227;0.653817831347227
831;0.653911547233082;0.653911547233082
832;0.654997042097671;0.654997042097671
833;0.655649306393051;0.655649306393051
834;0.6590655189864;0.6590655189864
835;0.657583542925098;0.657583542925098
836;0.657921652837968;0.657921652837968
837;0.659908239588798;0.659908239588798
838;0.658558768607182;0.658558768607182
839;0.662902546289406;0.662902546289406
840;0.663855235731088;0.663855235731088
841;0.662676420537058;0.662676420537058
842;0.662251007976973;0.662251007976973
843;0.665457901501323;0.665457901501323
844;0.668243097641058;0.668243097641058
845;0.667799390412328;0.667799390412328
846;0.668925756626561;0.668925756626561
847;0.67068941321969;0.67068941321969
848;0.670414312467151;0.670414312467151
849;0.671275079703515;0.671275079703515
850;0.672451977754094;0.672451977754094
851;0.672151891524652;0.672151891524652
852;0.671879699305049;0.671879699305049
853;0.672955223771018;0.672955223771018
854;0.675984107313609;0.675984107313609
855;0.675059211735646;0.675059211735646
856;0.678659262382015;0.678659262382015
857;0.679052416938525;0.679052416938525
858;0.679395234414688;0.679395234414688
859;0.680786749780871;0.680786749780871
860;0.682086207337685;0.682086207337685
861;0.678895884264094;0.678895884264094
862;0.679241654478495;0.679241654478495
863;0.68302233155363;0.68302233155363
864;0.681107185763063;0.681107185763063
865;0.68056566490328;0.68056566490328
866;0.683791730015986;0.683791730015986
867;0.68340925948521;0.68340925948521
868;0.685089649625551;0.685089649625551
869;0.682729908714586;0.682729908714586
870;0.686607712269412;0.686607712269412
871;0.683475339342113;0.683475339342113
872;0.683198698058112;0.683198698058112
873;0.683822250533611;0.683822250533611
874;0.684318865867154;0.684318865867154
875;0.683898166874656;0.683898166874656
876;0.684097172987844;0.684097172987844
877;0.686360607557055;0.686360607557055
878;0.686518736220344;0.686518736220344
879;0.685895989846625;0.685895989846625
880;0.685056633999786;0.685056633999786
881;0.685072165711705;0.685072165711705
882;0.68616423435388;0.68616423435388
883;0.688201987540679;0.688201987540679
884;0.68815828860527;0.68815828860527
885;0.695435240097188;0.695435240097188
886;0.696301324069087;0.696301324069087
887;0.694507750692662;0.694507750692662
888;0.692671600363117;0.692671600363117
889;0.692659886737974;0.692659886737974
890;0.691565783776298;0.691565783776298
891;0.691923855555935;0.691923855555935
892;0.690856625589581;0.690856625589581
893;0.692952127981568;0.692952127981568
894;0.690189067137799;0.690189067137799
895;0.691787473474898;0.691787473474898
896;0.690828053293152;0.690828053293152
897;0.693171221524298;0.693171221524298
898;0.691868675192896;0.691868675192896
899;0.691532774251501;0.691532774251501
900;0.688620075790723;0.688620075790723
901;0.693531431042799;0.693531431042799
902;0.695275710249173;0.695275710249173
903;0.691172287618272;0.691172287618272
904;0.692396387744687;0.692396387744687
905;0.694113197297081;0.694113197297081
906;0.696317461544336;0.696317461544336
907;0.698034123416221;0.698034123416221
908;0.69860043140179;0.69860043140179
909;0.698113516963795;0.698113516963795
910;0.699151804415253;0.699151804415253
911;0.697467047196013;0.697467047196013
912;0.698155447092735;0.698155447092735
913;0.700560718531584;0.700560718531584
914;0.702477975480613;0.702477975480613
915;0.702774072016676;0.702774072016676
916;0.703019593400509;0.703019593400509
917;0.702589567600691;0.702589567600691
918;0.705167395641095;0.705167395641095
919;0.707819928828757;0.707819928828757
920;0.709979852832264;0.709979852832264
921;0.712046310178871;0.712046310178871
922;0.713467589416144;0.713467589416144
923;0.715044741430347;0.715044741430347
924;0.714258860714482;0.714258860714482
925;0.719212498797625;0.719212498797625
926;0.718631567337916;0.718631567337916
927;0.718738510982738;0.718738510982738
928;0.722662269820745;0.722662269820745
929;0.7239047560612;0.7239047560612
930;0.72360708347719;0.72360708347719
931;0.725858515797812;0.725858515797812
932;0.727418448973316;0.727418448973316
933;0.72975460171912;0.72975460171912
934;0.729305325525502;0.729305325525502
935;0.73129334113474;0.73129334113474
936;0.73383109498077;0.73383109498077
937;0.730213808447261;0.730213808447261
938;0.732457020306028;0.732457020306028
939;0.738133023577377;0.738133023577377
940;0.740040173998702;0.740040173998702
941;0.738768568984576;0.738768568984576
942;0.74090114764239;0.74090114764239
943;0.742975124081644;0.742975124081644
944;0.74399399113579;0.74399399113579
945;0.742768347885138;0.742768347885138
946;0.743910226767711;0.743910226767711
947;0.744655462509817;0.744655462509817
948;0.745780013879652;0.745780013879652
949;0.745680609353303;0.745680609353303
950;0.749165252127731;0.749165252127731
951;0.747179265709621;0.747179265709621
952;0.748018598172334;0.748018598172334
953;0.750203252386794;0.750203252386794
954;0.751646168460007;0.751646168460007
955;0.75237144974069;0.75237144974069
956;0.748976669496435;0.748976669496435
957;0.75025322891524;0.75025322891524
958;0.750634901578791;0.750634901578791
959;0.75041138277753;0.75041138277753
960;0.748665635712475;0.748665635712475
961;0.747026543827481;0.747026543827481
962;0.743323820707667;0.743323820707667
963;0.741451179132451;0.741451179132451
964;0.743694113914849;0.743694113914849
965;0.743833965116703;0.743833965116703
966;0.745449874397899;0.745449874397899
967;0.748926620860115;0.748926620860115
968;0.746008369447764;0.746008369447764
969;0.746085418978899;0.746085418978899
970;0.750540738920642;0.750540738920642
971;0.754328005660757;0.754328005660757
972;0.75176678971439;0.75176678971439
973;0.751669934833595;0.751669934833595
974;0.750148826138697;0.750148826138697
975;0.746212210840314;0.746212210840314
976;0.746168029685648;0.746168029685648
977;0.748754978897415;0.748754978897415
978;0.751639829464384;0.751639829464384
979;0.748017136629783;0.748017136629783
980;0.747511145510185;0.747511145510185
981;0.74986407625736;0.74986407625736
982;0.750008122785789;0.750008122785789
983;0.750340208485124;0.750340208485124
984;0.748313669255325;0.748313669255325
985;0.751645421714278;0.751645421714278
986;0.751496854656858;0.751496854656858
987;0.751371736628774;0.751371736628774
988;0.750159273246622;0.750159273246622
989;0.751297316748697;0.751297316748697
990;0.751817983321165;0.751817983321165
991;0.757356195334378;0.757356195334378
992;0.756365042442229;0.756365042442229
993;0.759151182591015;0.759151182591015
994;0.764258735385582;0.764258735385582
995;0.768861437469237;0.768861437469237
996;0.770211895155801;0.770211895155801
997;0.770985906712136;0.770985906712136
998;0.768872387334164;0.768872387334164
999;0.767113796098796;0.767113796098796
1000;0.766515333743906;0.766515333743906
1001;0.765006984763392;0.765006984763392
1002;0.767057092229555;0.767057092229555
1003;0.766809484022054;0.766809484022054
1004;0.767347569703699;0.767347569703699
1005;0.76577860285128;0.76577860285128
1006;0.771326694521039;0.771326694521039
1007;0.776012164209405;0.776012164209405
1008;0.775613617493799;0.775613617493799
1009;0.776077025006233;0.776077025006233
1010;0.775690374379823;0.775690374379823
1011;0.779065200768072;0.779065200768072
1012;0.782581436563351;0.782581436563351
1013;0.78169594556078;0.78169594556078
1014;0.790871367437847;0.790871367437847
1015;0.7894970191983;0.7894970191983
1016;0.787517647707942;0.787517647707942
1017;0.789720461994034;0.789720461994034
1018;0.789900759310499;0.789900759310499
1019;0.793472751018516;0.793472751018516
1020;0.793988142551626;0.793988142551626
1021;0.795429700115151;0.795429700115151
1022;0.797740710314928;0.797740710314928
1023;0.798306308401992;0.798306308401992
1024;0.803286428551275;0.803286428551275
1025;0.803306106893263;0.803306106893263
1026;0.806443708979228;0.806443708979228
1027;0.803402198850221;0.803402198850221
1028;0.80637034964521;0.80637034964521
1029;0.806176268508987;0.806176268508987
1030;0.806184213630245;0.806184213630245
1031;0.805403892658629;0.805403892658629
1032;0.808627726777071;0.808627726777071
1033;0.808716983729576;0.808716983729576
1034;0.808034406420441;0.808034406420441
1035;0.806637917205291;0.806637917205291
1036;0.808843483842804;0.808843483842804
1037;0.815482906079855;0.815482906079855
1038;0.816267639533492;0.816267639533492
1039;0.814362410880861;0.814362410880861
1040;0.814799933015742;0.814799933015742
1041;0.816228619597701;0.816228619597701
1042;0.815579946257127;0.815579946257127
1043;0.814629880049058;0.814629880049058
1044;0.812287541567939;0.812287541567939
1045;0.811765948966536;0.811765948966536
1046;0.81283103664418;0.81283103664418
1047;0.814538897047297;0.814538897047297
1048;0.816909162318677;0.816909162318677
1049;0.816640404126493;0.816640404126493
1050;0.815806856169247;0.815806856169247
1051;0.81432192297048;0.81432192297048
1052;0.814918169456121;0.814918169456121
1053;0.817803310866525;0.817803310866525
1054;0.819084718925788;0.819084718925788
1055;0.820916303176397;0.820916303176397
1056;0.81916161279351;0.81916161279351
1057;0.817017399830572;0.817017399830572
1058;0.817445159240568;0.817445159240568
1059;0.822593144247208;0.822593144247208
1060;0.823225530352011;0.823225530352011
1061;0.821536070850223;0.821536070850223
1062;0.821578608877193;0.821578608877193
1063;0.82208168619145;0.82208168619145
1064;0.824421362135158;0.824421362135158
1065;0.824142316737153;0.824142316737153
1066;0.824603669454574;0.824603669454574
1067;0.828513247264811;0.828513247264811
1068;0.830941080147246;0.830941080147246
1069;0.830202282479831;0.830202282479831
1070;0.834007185378079;0.834007185378079
1071;0.834587904920805;0.834587904920805
1072;0.838013813527069;0.838013813527069
1073;0.834256494588458;0.834256494588458
1074;0.83782233693583;0.83782233693583
1075;0.837471873518864;0.837471873518864
1076;0.839277664567753;0.839277664567753
1077;0.837528555961305;0.837528555961305
1078;0.840213624426706;0.840213624426706
1079;0.843006700816101;0.843006700816101
1080;0.844617584381617;0.844617584381617
1081;0.845268959226584;0.845268959226584
1082;0.843097970226596;0.843097970226596
1083;0.845690399647506;0.845690399647506
1084;0.846435281793032;0.846435281793032
1085;0.845724549646693;0.845724549646693
1086;0.845939257278378;0.845939257278378
1087;0.851687891458015;0.851687891458015
1088;0.851954704430826;0.851954704430826
1089;0.853102322756094;0.853102322756094
1090;0.854919517938221;0.854919517938221
1091;0.85508563328439;0.85508563328439
1092;0.859100562434629;0.859100562434629
1093;0.857405052547665;0.857405052547665
1094;0.862492243983598;0.862492243983598
1095;0.859951966125985;0.859951966125985
1096;0.862429672836544;0.862429672836544
1097;0.863712094295406;0.863712094295406
1098;0.866566262354942;0.866566262354942
1099;0.867611878563002;0.867611878563002
1100;0.865859623550317;0.865859623550317
1101;0.872445424330548;0.872445424330548
1102;0.871977236856038;0.871977236856038
1103;0.869870110620741;0.869870110620741
1104;0.873858284399738;0.873858284399738
1105;0.871678108250902;0.871678108250902
1106;0.872126527980907;0.872126527980907
1107;0.870550171562637;0.870550171562637
1108;0.872010904367147;0.872010904367147
1109;0.872578058214289;0.872578058214289
1110;0.868358658476135;0.868358658476135
1111;0.868539211071333;0.868539211071333
1112;0.872364954353581;0.872364954353581
1113;0.871644456287734;0.871644456287734
1114;0.87454877306563;0.87454877306563
1115;0.87233211276389;0.87233211276389
1116;0.87453337265085;0.87453337265085
1117;0.874413962293293;0.874413962293293
1118;0.876590754423391;0.876590754423391
1119;0.877314472908539;0.877314472908539
1120;0.880950496066554;0.880950496066554
1121;0.882414802145171;0.882414802145171
1122;0.883633933887557;0.883633933887557
1123;0.881900146015366;0.881900146015366
1124;0.886739215992751;0.886739215992751
1125;0.884599598777748;0.884599598777748
1126;0.885125565918735;0.885125565918735
1127;0.888042667123072;0.888042667123072
1128;0.889703341766722;0.889703341766722
1129;0.892722652039867;0.892722652039867
1130;0.895237962505412;0.895237962505412
1131;0.898404265433955;0.898404265433955
1132;0.899901224181104;0.899901224181104
1133;0.895898775900002;0.895898775900002
1134;0.895406704164527;0.895406704164527
1135;0.895432241354305;0.895432241354305
1136;0.899060799530025;0.899060799530025
1137;0.903350733513489;0.903350733513489
1138;0.902139459507753;0.902139459507753
1139;0.902277223921197;0.902277223921197
1140;0.904994128163391;0.904994128163391
1141;0.900506557659604;0.900506557659604
1142;0.908824144712938;0.908824144712938
1143;0.904226063088495;0.904226063088495
1144;0.904748532339539;0.904748532339539
1145;0.903885010384878;0.903885010384878
1146;0.905955965038659;0.905955965038659
1147;0.903922978805823;0.903922978805823
1148;0.906109596314143;0.906109596314143
1149;0.905466529134931;0.905466529134931
1150;0.910684465657721;0.910684465657721
1151;0.908126201671207;0.908126201671207
1152;0.908168372644321;0.908168372644321
1153;0.907317663179422;0.907317663179422
1154;0.911728428298236;0.911728428298236
1155;0.910115176750931;0.910115176750931
1156;0.912497946400288;0.912497946400288
1157;0.911062974736289;0.911062974736289
1158;0.914179502734513;0.914179502734513
1159;0.916497339841874;0.916497339841874
1160;0.913557063244808;0.913557063244808
1161;0.914760954614947;0.914760954614947
1162;0.915283520412904;0.915283520412904
1163;0.91411881426646;0.91411881426646
1164;0.912950453095704;0.912950453095704
1165;0.914908927091187;0.914908927091187
1166;0.918367660399998;0.918367660399998
1167;0.918255482679235;0.918255482679235
1168;0.919830511620212;0.919830511620212
1169;0.919403786478345;0.919403786478345
1170;0.919030466912617;0.919030466912617
1171;0.925585284598584;0.925585284598584
1172;0.925770674877592;0.925770674877592
1173;0.929049769726511;0.929049769726511
1174;0.931661614480515;0.931661614480515
1175;0.933682087642093;0.933682087642093
1176;0.937380342474452;0.937380342474452
1177;0.933057856725355;0.933057856725355
1178;0.934639489267733;0.934639489267733
1179;0.934269954137858;0.934269954137858
1180;0.940092768550353;0.940092768550353
1181;0.940494821832653;0.940494821832653
1182;0.942754462966526;0.942754462966526
1183;0.94459961450105;0.94459961450105
1184;0.947590643904532;0.947590643904532
1185;0.947214875855905;0.947214875855905
1186;0.950343625353205;0.950343625353205
1187;0.948130027006188;0.948130027006188
1188;0.954378354806492;0.954378354806492
1189;0.95273234442191;0.95273234442191
1190;0.954216123055078;0.954216123055078
1191;0.96003563603058;0.96003563603058
1192;0.960723861938714;0.960723861938714
1193;0.964143228442675;0.964143228442675
1194;0.962745397414832;0.962745397414832
1195;0.969840686811369;0.969840686811369
1196;0.969550734155144;0.969550734155144
1197;0.971704742506102;0.971704742506102
1198;0.969202115226788;0.969202115226788
1199;0.968481050031802;0.968481050031802
1200;0.972603759348235;0.972603759348235
1201;0.976058815982806;0.976058815982806
1202;0.973250920922886;0.973250920922886
1203;0.975514480401764;0.975514480401764
1204;0.9773482004401;0.9773482004401
1205;0.981574082056824;0.981574082056824
1206;0.980157703140938;0.980157703140938
1207;0.97781484558984;0.97781484558984
1208;0.977139396313796;0.977139396313796
1209;0.975180619902216;0.975180619902216
1210;0.975858206204981;0.975858206204981
1211;0.976009850672248;0.976009850672248
1212;0.98244798247515;0.98244798247515
1213;0.97992081045206;0.97992081045206
1214;0.98275921696735;0.98275921696735
1215;0.98479669768609;0.98479669768609
1216;0.980562016101103;0.980562016101103
1217;0.981763846759416;0.981763846759416
1218;0.985361679056828;0.985361679056828
1219;0.985841190750924;0.985841190750924
1220;0.987030975723981;0.987030975723981
1221;0.986070054729382;0.986070054729382
1222;0.982807151524449;0.982807151524449
1223;0.985122866540485;0.985122866540485
1224;0.991718977674645;0.991718977674645
1225;0.987403497235814;0.987403497235814
1226;0.987411137800604;0.987411137800604
1227;0.987223824521525;0.987223824521525
1228;0.986378851088464;0.986378851088464
1229;0.990635361237393;0.990635361237393
1230;0.990892306506281;0.990892306506281
1231;0.989259630216898;0.989259630216898
1232;0.990538552391552;0.990538552391552
1233;0.98875581507755;0.98875581507755
1234;0.987375750260341;0.987375750260341
1235;0.988343095051624;0.988343095051624
1236;0.989310339150904;0.989310339150904
1237;0.992264700149758;0.992264700149758
1238;0.994177097488281;0.994177097488281
1239;0.993804868568577;0.993804868568577
1240;0.995420304876062;0.995420304876062
1241;0.993958389404902;0.993958389404902
1242;0.995477104728758;0.995477104728758
1243;1.00090817251932;1.00090817251932
1244;1.00139099390249;1.00139099390249
1245;1.00152914013377;1.00152914013377
1246;1.00249143197202;1.00249143197202
1247;1.00201725018436;1.00201725018436
1248;1.00344199416727;1.00344199416727
1249;1.00373936979842;1.00373936979842
1250;1.00783750003997;1.00783750003997
1251;1.00672977019545;1.00672977019545
1252;1.00645361883844;1.00645361883844
1253;1.00929323587186;1.00929323587186
1254;1.01006331841952;1.01006331841952
1255;1.01485901254485;1.01485901254485
1256;1.01900430190114;1.01900430190114
1257;1.02106346552209;1.02106346552209
1258;1.02035960729389;1.02035960729389
1259;1.02359267524943;1.02359267524943
1260;1.02992982766614;1.02992982766614
1261;1.03043980015646;1.03043980015646
1262;1.0314176512241;1.0314176512241
1263;1.03695839251826;1.03695839251826
1264;1.03797847965957;1.03797847965957
1265;1.03798531379972;1.03798531379972
1266;1.04340579049312;1.04340579049312
1267;1.04979755991016;1.04979755991016
1268;1.05405847711887;1.05405847711887
1269;1.05538656523789;1.05538656523789
1270;1.06070763668068;1.06070763668068
1271;1.05990905091626;1.05990905091626
1272;1.06036138937205;1.06036138937205
1273;1.06414155186819;1.06414155186819
1274;1.06149070777523;1.06149070777523
1275;1.06442292492632;1.06442292492632
1276;1.06482430521405;1.06482430521405
1277;1.0667434549017;1.0667434549017
1278;1.06952110927563;1.06952110927563
1279;1.06938210710068;1.06938210710068
1280;1.07021233739058;1.07021233739058
1281;1.06754168178693;1.06754168178693
1282;1.06786051988419;1.06786051988419
1283;1.06971000660638;1.06971000660638
1284;1.07206315305001;1.07206315305001
1285;1.07105248916397;1.07105248916397
1286;1.06889596668101;1.06889596668101
1287;1.06875102240221;1.06875102240221
1288;1.07314685871183;1.07314685871183
1289;1.07620779298575;1.07620779298575
1290;1.07265394781895;1.07265394781895
1291;1.07678928976531;1.07678928976531
1292;1.07741705542649;1.07741705542649
1293;1.07719251234487;1.07719251234487
1294;1.07039158324524;1.07039158324524
1295;1.07365317636438;1.07365317636438
1296;1.07738386490172;1.07738386490172
1297;1.07714662066512;1.07714662066512
1298;1.07518662002139;1.07518662002139
1299;1.07879271572809;1.07879271572809
1300;1.07928612709329;1.07928612709329
1301;1.08343747914733;1.08343747914733
1302;1.084037477197;1.084037477197
1303;1.08412012496522;1.08412012496522
1304;1.08085312735208;1.08085312735208
1305;1.08244613992053;1.08244613992053
1306;1.07947128249054;1.07947128249054
1307;1.07959045109434;1.07959045109434
1308;1.07969898662925;1.07969898662925
1309;1.08275230980141;1.08275230980141
1310;1.08787666008676;1.08787666008676
1311;1.08639943886413;1.08639943886413
1312;1.0855485514363;1.0855485514363
1313;1.08756778547769;1.08756778547769
1314;1.08751199276324;1.08751199276324
1315;1.08729956882763;1.08729956882763
1316;1.09479568329862;1.09479568329862
1317;1.09297082252879;1.09297082252879
1318;1.09396981357343;1.09396981357343
1319;1.08982025150784;1.08982025150784
1320;1.09287831734588;1.09287831734588
1321;1.09518093409116;1.09518093409116
1322;1.10013510457885;1.10013510457885
1323;1.10477777995594;1.10477777995594
1324;1.10357305505856;1.10357305505856
1325;1.10804528514583;1.10804528514583
1326;1.11159645905108;1.11159645905108
1327;1.11778777102184;1.11778777102184
1328;1.11944012050334;1.11944012050334
1329;1.12404141760396;1.12404141760396
1330;1.12187673509396;1.12187673509396
1331;1.12488607652718;1.12488607652718
1332;1.12870787169919;1.12870787169919
1333;1.13068057610163;1.13068057610163
1334;1.13561546331687;1.13561546331687
1335;1.14168097573453;1.14168097573453
1336;1.14213305599533;1.14213305599533
1337;1.14633852238088;1.14633852238088
1338;1.13983156482949;1.13983156482949
1339;1.14692921689199;1.14692921689199
1340;1.14937262296367;1.14937262296367
1341;1.15538142278143;1.15538142278143
1342;1.15426978462472;1.15426978462472
1343;1.15317120926256;1.15317120926256
1344;1.15911891341719;1.15911891341719
1345;1.15849754208907;1.15849754208907
1346;1.16242679821737;1.16242679821737
1347;1.16653231833601;1.16653231833601
1348;1.17137275749503;1.17137275749503
1349;1.17640463030138;1.17640463030138
1350;1.17473568621056;1.17473568621056
1351;1.17540278676018;1.17540278676018
1352;1.17444999957105;1.17444999957105
1353;1.18061833639216;1.18061833639216
1354;1.18374727102733;1.18374727102733
1355;1.18327240657597;1.18327240657597
1356;1.18775079215344;1.18775079215344
1357;1.18634919182573;1.18634919182573
1358;1.18798090303507;1.18798090303507
1359;1.18595442123254;1.18595442123254
1360;1.18830904594497;1.18830904594497
1361;1.187029314184;1.187029314184
1362;1.18731567272285;1.18731567272285
1363;1.19205226590844;1.19205226590844
1364;1.19102373246509;1.19102373246509
1365;1.19439334198264;1.19439334198264
1366;1.19460650124646;1.19460650124646
1367;1.19741387800115;1.19741387800115
1368;1.19423941616237;1.19423941616237
1369;1.20102973174003;1.20102973174003
1370;1.20438042281992;1.20438042281992
1371;1.2051452489966;1.2051452489966
1372;1.20452509358991;1.20452509358991
1373;1.20275767338571;1.20275767338571
1374;1.2000735259851;1.2000735259851
1375;1.20081794771694;1.20081794771694
1376;1.2014577557556;1.2014577557556
1377;1.20625592592283;1.20625592592283
1378;1.2069197252094;1.2069197252094
1379;1.20629189969219;1.20629189969219
1380;1.21194852986272;1.21194852986272
1381;1.21141706939567;1.21141706939567
1382;1.21499048171066;1.21499048171066
1383;1.21904242735524;1.21904242735524
1384;1.21566765660939;1.21566765660939
1385;1.21425892670419;1.21425892670419
1386;1.22144772683533;1.22144772683533
1387;1.22140901138495;1.22140901138495
1388;1.22066996375036;1.22066996375036
1389;1.22680604598702;1.22680604598702
1390;1.22679746358395;1.22679746358395
1391;1.22857099214332;1.22857099214332
1392;1.22634741793832;1.22634741793832
1393;1.23196914881446;1.23196914881446
1394;1.23149698000877;1.23149698000877
1395;1.23299761000731;1.23299761000731
1396;1.23291987146525;1.23291987146525
1397;1.23217953387026;1.23217953387026
1398;1.23663524592455;1.23663524592455
1399;1.24276595349477;1.24276595349477
1400;1.24472173265275;1.24472173265275
1401;1.24465687841584;1.24465687841584
1402;1.24808944184264;1.24808944184264
1403;1.24931391801136;1.24931391801136
1404;1.25003267571716;1.25003267571716
1405;1.25339830334445;1.25339830334445
1406;1.25609323217062;1.25609323217062
1407;1.25665095006438;1.25665095006438
1408;1.25560259169284;1.25560259169284
1409;1.25921081158898;1.25921081158898
1410;1.2660338813312;1.2660338813312
1411;1.26979426365697;1.26979426365697
1412;1.26710932821417;1.26710932821417
1413;1.26947450884245;1.26947450884245
1414;1.27462406527952;1.27462406527952
1415;1.27685635269689;1.27685635269689
1416;1.27906784403449;1.27906784403449
1417;1.28045959006981;1.28045959006981
1418;1.28160714799903;1.28160714799903
1419;1.28051228882126;1.28051228882126
1420;1.2825850960544;1.2825850960544
1421;1.28731964790143;1.28731964790143
1422;1.29173115672511;1.29173115672511
1423;1.29653687883161;1.29653687883161
1424;1.29606442097797;1.29606442097797
1425;1.30127884472783;1.30127884472783
1426;1.29918617236676;1.29918617236676
1427;1.30147071248819;1.30147071248819
1428;1.30340169819532;1.30340169819532
1429;1.30287722298759;1.30287722298759
1430;1.30736642430622;1.30736642430622
1431;1.30154975639505;1.30154975639505
1432;1.30765074749155;1.30765074749155
1433;1.3087860063483;1.3087860063483
1434;1.31093904187433;1.31093904187433
1435;1.31046717570733;1.31046717570733
1436;1.31306441694933;1.31306441694933
1437;1.31964488223334;1.31964488223334
1438;1.31630779308485;1.31630779308485
1439;1.31654095364669;1.31654095364669
1440;1.31612572846258;1.31612572846258
1441;1.32353790629491;1.32353790629491
1442;1.31674791320412;1.31674791320412
1443;1.31856873914199;1.31856873914199
1444;1.32186996153454;1.32186996153454
1445;1.32215013839111;1.32215013839111
1446;1.32101888707941;1.32101888707941
1447;1.32520946502289;1.32520946502289
1448;1.32416568643843;1.32416568643843
1449;1.32720777517545;1.32720777517545
1450;1.32794668100201;1.32794668100201
1451;1.32420019204545;1.32420019204545
1452;1.32330479517305;1.32330479517305
1453;1.32553127043414;1.32553127043414
1454;1.32803537519124;1.32803537519124
1455;1.33121734388277;1.33121734388277
1456;1.32788900130479;1.32788900130479
1457;1.32725575422203;1.32725575422203
1458;1.31960211492825;1.31960211492825
1459;1.31995979742072;1.31995979742072
1460;1.31339414181366;1.31339414181366
1461;1.31588320913813;1.31588320913813
1462;1.32384594832933;1.32384594832933
1463;1.32151367244928;1.32151367244928
1464;1.32237772270649;1.32237772270649
1465;1.32318720927094;1.32318720927094
1466;1.33008762124489;1.33008762124489
1467;1.3321024607312;1.3321024607312
1468;1.3394033490458;1.3394033490458
1469;1.34541166406654;1.34541166406654
1470;1.35419994821095;1.35419994821095
1471;1.35649847827114;1.35649847827114
1472;1.35445861109078;1.35445861109078
1473;1.35651362057242;1.35651362057242
1474;1.35412072859908;1.35412072859908
1475;1.35526786121081;1.35526786121081
1476;1.35818272387641;1.35818272387641
1477;1.35665768520939;1.35665768520939
1478;1.36024048239168;1.36024048239168
1479;1.36249916562146;1.36249916562146
1480;1.364091937784;1.364091937784
1481;1.3579696554677;1.3579696554677
1482;1.36179086246793;1.36179086246793
1483;1.36406077012511;1.36406077012511
1484;1.36921394562432;1.36921394562432
1485;1.37120003520986;1.37120003520986
1486;1.36825973517602;1.36825973517602
1487;1.37246875063262;1.37246875063262
1488;1.37264062362436;1.37264062362436
1489;1.37542286076698;1.37542286076698
1490;1.38205457665918;1.38205457665918
1491;1.38570295301719;1.38570295301719
1492;1.38056714060632;1.38056714060632
1493;1.38013614497639;1.38013614497639
1494;1.37903694196455;1.37903694196455
1495;1.38191786644224;1.38191786644224
1496;1.38580256928437;1.38580256928437
1497;1.39349813721457;1.39349813721457
1498;1.39361170418785;1.39361170418785
1499;1.39709017625121;1.39709017625121
1500;1.39679963199523;1.39679963199523
1501;1.40470441187707;1.40470441187707
1502;1.40182985856524;1.40182985856524
1503;1.40563797197629;1.40563797197629
1504;1.41241453931203;1.41241453931203
1505;1.41715681145499;1.41715681145499
1506;1.41384647324291;1.41384647324291
1507;1.41479672195486;1.41479672195486
1508;1.41911781754117;1.41911781754117
1509;1.41991746557083;1.41991746557083
1510;1.42588113741778;1.42588113741778
1511;1.42549552692512;1.42549552692512
1512;1.42791766017783;1.42791766017783
1513;1.42845572016544;1.42845572016544
1514;1.43371252687332;1.43371252687332
1515;1.43749919534911;1.43749919534911
1516;1.43974649420727;1.43974649420727
1517;1.44280154473514;1.44280154473514
1518;1.43807674745231;1.43807674745231
1519;1.44623016979197;1.44623016979197
1520;1.44559619257633;1.44559619257633
1521;1.44641590411165;1.44641590411165
1522;1.44902609921533;1.44902609921533
1523;1.44661263128674;1.44661263128674
1524;1.45068061232981;1.45068061232981
1525;1.44949685317169;1.44949685317169
1526;1.45797513402628;1.45797513402628
1527;1.45520765721812;1.45520765721812
1528;1.45918314754949;1.45918314754949
1529;1.46361288691823;1.46361288691823
1530;1.46424052137766;1.46424052137766
1531;1.463299848909;1.463299848909
1532;1.45781351336357;1.45781351336357
1533;1.46666808232814;1.46666808232814
1534;1.46678949757825;1.46678949757825
1535;1.47314078255661;1.47314078255661
1536;1.47265469482503;1.47265469482503
1537;1.47340841549288;1.47340841549288
1538;1.47512633511434;1.47512633511434
1539;1.47524052182127;1.47524052182127
1540;1.47827182792885;1.47827182792885
1541;1.48364141677996;1.48364141677996
1542;1.48641841803814;1.48641841803814
1543;1.49225741200495;1.49225741200495
1544;1.49069261585123;1.49069261585123
1545;1.49074717472468;1.49074717472468
1546;1.49165157047723;1.49165157047723
1547;1.49484842222933;1.49484842222933
1548;1.49655951479982;1.49655951479982
1549;1.50049727440694;1.50049727440694
1550;1.49732709086253;1.49732709086253
1551;1.50646660682312;1.50646660682312
1552;1.50557469838988;1.50557469838988
1553;1.50752004608737;1.50752004608737
1554;1.50347040812965;1.50347040812965
1555;1.50971107521751;1.50971107521751
1556;1.51344099939739;1.51344099939739
1557;1.51464198105251;1.51464198105251
1558;1.5133041222253;1.5133041222253
1559;1.52203283508516;1.52203283508516
1560;1.52668182407503;1.52668182407503
1561;1.52318149181795;1.52318149181795
1562;1.52636888957931;1.52636888957931
1563;1.52790868024497;1.52790868024497
1564;1.53275732613902;1.53275732613902
1565;1.53370782759795;1.53370782759795
1566;1.53497416119035;1.53497416119035
1567;1.53959287754043;1.53959287754043
1568;1.53697870421222;1.53697870421222
1569;1.54057702038034;1.54057702038034
1570;1.54458013585277;1.54458013585277
1571;1.54913697470886;1.54913697470886
1572;1.55942057141906;1.55942057141906
1573;1.55989558253974;1.55989558253974
1574;1.562856846253;1.562856846253
1575;1.5715044793536;1.5715044793536
1576;1.5674506437206;1.5674506437206
1577;1.56283692638659;1.56283692638659
1578;1.57073936465688;1.57073936465688
1579;1.57315823002128;1.57315823002128
1580;1.58245810481923;1.58245810481923
1581;1.58196234139339;1.58196234139339
1582;1.58987210691833;1.58987210691833
1583;1.58308809319323;1.58308809319323
1584;1.59707783446202;1.59707783446202
1585;1.59730290845921;1.59730290845921
1586;1.60119073900539;1.60119073900539
1587;1.60712315082561;1.60712315082561
1588;1.60275805917404;1.60275805917404
1589;1.60589893785652;1.60589893785652
1590;1.60964457447722;1.60964457447722
1591;1.6083267153081;1.6083267153081
1592;1.61427710471749;1.61427710471749
1593;1.61285228033258;1.61285228033258
1594;1.62305256003615;1.62305256003615
1595;1.62908077876722;1.62908077876722
1596;1.62929197786801;1.62929197786801
1597;1.63099680423104;1.63099680423104
1598;1.63527131827298;1.63527131827298
1599;1.62564470636838;1.62564470636838
1600;1.63495282663775;1.63495282663775
1601;1.63454488550858;1.63454488550858
1602;1.64510557895721;1.64510557895721
1603;1.63982442674832;1.63982442674832
1604;1.64783235430642;1.64783235430642
1605;1.64378955408286;1.64378955408286
1606;1.64634623440922;1.64634623440922
1607;1.64586277664478;1.64586277664478
1608;1.64916408978123;1.64916408978123
1609;1.64735319204275;1.64735319204275
1610;1.65908133240224;1.65908133240224
1611;1.65344478336962;1.65344478336962
1612;1.65771840220727;1.65771840220727
1613;1.65948942286369;1.65948942286369
1614;1.66166905842266;1.66166905842266
1615;1.66360735306005;1.66360735306005
1616;1.66894752625968;1.66894752625968
1617;1.67067148489556;1.67067148489556
1618;1.67417008356519;1.67417008356519
1619;1.67054121018913;1.67054121018913
1620;1.67374638447443;1.67374638447443
1621;1.68029957084483;1.68029957084483
1622;1.68608384413308;1.68608384413308
1623;1.68164951778165;1.68164951778165
1624;1.68588946184438;1.68588946184438
1625;1.68805000595982;1.68805000595982
1626;1.68569017193483;1.68569017193483
1627;1.68820268706355;1.68820268706355
1628;1.6936235675672;1.6936235675672
1629;1.69552055051785;1.69552055051785
1630;1.69955946031829;1.69955946031829
1631;1.70174137866336;1.70174137866336
1632;1.70950747135468;1.70950747135468
1633;1.71044149120801;1.71044149120801
1634;1.71178323254265;1.71178323254265
1635;1.71928308644876;1.71928308644876
1636;1.71671238132952;1.71671238132952
1637;1.72379090713126;1.72379090713126
1638;1.72470807835552;1.72470807835552
1639;1.71821393677801;1.71821393677801
1640;1.72074919853858;1.72074919853858
1641;1.72461778367223;1.72461778367223
1642;1.73670247721425;1.73670247721425
1643;1.73673908833457;1.73673908833457
1644;1.73395207663391;1.73395207663391
1645;1.7439700356418;1.7439700356418
1646;1.74640884777946;1.74640884777946
1647;1.74367552429808;1.74367552429808
1648;1.74982035203653;1.74982035203653
1649;1.75406729526039;1.75406729526039
1650;1.75645730879529;1.75645730879529
1651;1.75959822258023;1.75959822258023
1652;1.76088728114703;1.76088728114703
1653;1.77472385036253;1.77472385036253
1654;1.77446303817419;1.77446303817419
1655;1.77057530037686;1.77057530037686
1656;1.77402992603278;1.77402992603278
1657;1.783026500619;1.783026500619
1658;1.79124265018962;1.79124265018962
1659;1.79872688886722;1.79872688886722
1660;1.79707832096;1.79707832096
1661;1.79467975000135;1.79467975000135
1662;1.79887267101494;1.79887267101494
1663;1.81063039037064;1.81063039037064
1664;1.81460252325575;1.81460252325575
1665;1.82059272750406;1.82059272750406
1666;1.81566760302788;1.81566760302788
1667;1.83131165392416;1.83131165392416
1668;1.83823868758952;1.83823868758952
1669;1.83733548984941;1.83733548984941
1670;1.8381532601125;1.8381532601125
1671;1.84760537569775;1.84760537569775
1672;1.84569492374596;1.84569492374596
1673;1.85216546694591;1.85216546694591
1674;1.85311250103961;1.85311250103961
1675;1.85355863067734;1.85355863067734
1676;1.85700928455404;1.85700928455404
1677;1.86544352137588;1.86544352137588
1678;1.86669952395065;1.86669952395065
1679;1.86408153106642;1.86408153106642
1680;1.86217608829061;1.86217608829061
1681;1.86858666841089;1.86858666841089
1682;1.87606038839527;1.87606038839527
1683;1.86427493142281;1.86427493142281
1684;1.87137866786093;1.87137866786093
1685;1.87247753850988;1.87247753850988
1686;1.8823866160686;1.8823866160686
1687;1.88282383372203;1.88282383372203
1688;1.8849090150428;1.8849090150428
1689;1.88681580211825;1.88681580211825
1690;1.89879655510047;1.89879655510047
1691;1.89753294400936;1.89753294400936
1692;1.89384713951644;1.89384713951644
1693;1.89342039218366;1.89342039218366
1694;1.90810700010464;1.90810700010464
1695;1.9088304411311;1.9088304411311
1696;1.91217344341505;1.91217344341505
1697;1.91595126834255;1.91595126834255
1698;1.925904087145;1.925904087145
1699;1.92019836929581;1.92019836929581
1700;1.92199123094522;1.92199123094522
1701;1.92520731414988;1.92520731414988
1702;1.92590331857705;1.92590331857705
1703;1.93426174338745;1.93426174338745
1704;1.93650608680076;1.93650608680076
1705;1.93769294532722;1.93769294532722
1706;1.93629817451811;1.93629817451811
1707;1.9439683372146;1.9439683372146
1708;1.94850388317782;1.94850388317782
1709;1.94301040366526;1.94301040366526
1710;1.95527683373998;1.95527683373998
1711;1.95114609977091;1.95114609977091
1712;1.95302660765869;1.95302660765869
1713;1.94509488770474;1.94509488770474
1714;1.95223636833967;1.95223636833967
1715;1.95720950897444;1.95720950897444
1716;1.96708604608087;1.96708604608087
1717;1.96034122940742;1.96034122940742
1718;1.96987859620329;1.96987859620329
1719;1.97113475902281;1.97113475902281
1720;1.97284034154536;1.97284034154536
1721;1.97406848676467;1.97406848676467
1722;1.98378327353112;1.98378327353112
1723;1.98638637608311;1.98638637608311
1724;1.99173889677945;1.99173889677945
1725;1.99014781348867;1.99014781348867
1726;1.99430966017288;1.99430966017288
1727;2.0008228210555;2.0008228210555
1728;1.99283265313836;1.99283265313836
1729;1.99838073177506;1.99838073177506
1730;2.01669164633721;2.01669164633721
1731;2.01122184066539;2.01122184066539
1732;2.01586694063521;2.01586694063521
1733;2.01938381139358;2.01938381139358
1734;2.01981870236987;2.01981870236987
1735;2.01725691439026;2.01725691439026
1736;2.02295211310235;2.02295211310235
1737;2.02805411621789;2.02805411621789
1738;2.04020020564829;2.04020020564829
1739;2.04447943736283;2.04447943736283
1740;2.05286248277614;2.05286248277614
1741;2.04814925688786;2.04814925688786
1742;2.05357734019386;2.05357734019386
1743;2.06423206280598;2.06423206280598
1744;2.07038682462566;2.07038682462566
1745;2.06958623840648;2.06958623840648
1746;2.06429903423235;2.06429903423235
1747;2.07464985698631;2.07464985698631
1748;2.08572637969145;2.08572637969145
1749;2.09764495715259;2.09764495715259
1750;2.09416026845748;2.09416026845748
1751;2.10060164054012;2.10060164054012
1752;2.10858082212385;2.10858082212385
1753;2.11189391484429;2.11189391484429
1754;2.10822806262296;2.10822806262296
1755;2.12546936479426;2.12546936479426
1756;2.1334946848299;2.1334946848299
1757;2.13268468241859;2.13268468241859
1758;2.13056886436183;2.13056886436183
1759;2.13924901942309;2.13924901942309
1760;2.14366440956485;2.14366440956485
1761;2.15015183246175;2.15015183246175
1762;2.14663675735525;2.14663675735525
1763;2.15583655775569;2.15583655775569
1764;2.15566388177043;2.15566388177043
1765;2.15409009834731;2.15409009834731
1766;2.14942953131269;2.14942953131269
1767;2.1532725633701;2.1532725633701
1768;2.17327236352496;2.17327236352496
1769;2.16855715864181;2.16855715864181
1770;2.16463476895381;2.16463476895381
1771;2.17410226346715;2.17410226346715
1772;2.17751115157456;2.17751115157456
1773;2.17929253493854;2.17929253493854
1774;2.18788362785991;2.18788362785991
1775;2.19467299017313;2.19467299017313
1776;2.2087167432801;2.2087167432801
1777;2.20233895029746;2.20233895029746
1778;2.21162606857827;2.21162606857827
1779;2.20973418021031;2.20973418021031
1780;2.20595998764779;2.20595998764779
1781;2.21960265773576;2.21960265773576
1782;2.22479657021024;2.22479657021024
1783;2.22167271812003;2.22167271812003
1784;2.23142734175211;2.23142734175211
1785;2.2346648145611;2.2346648145611
1786;2.2312233961668;2.2312233961668
1787;2.23313471588158;2.23313471588158
1788;2.23476133500938;2.23476133500938
1789;2.24548313671158;2.24548313671158
1790;2.24542571092495;2.24542571092495
1791;2.24858271067805;2.24858271067805
1792;2.2450177829821;2.2450177829821
1793;2.25074066338319;2.25074066338319
1794;2.25339783384906;2.25339783384906
1795;2.25802720403985;2.25802720403985
1796;2.26161163759513;2.26161163759513
1797;2.26564573044689;2.26564573044689
1798;2.26458232078858;2.26458232078858
1799;2.26538873008915;2.26538873008915
1800;2.27848884148054;2.27848884148054
1801;2.2752960599042;2.2752960599042
1802;2.28107806616403;2.28107806616403
1803;2.27947138121072;2.27947138121072
1804;2.28893419522516;2.28893419522516
1805;2.29956807980216;2.29956807980216
1806;2.28935752337061;2.28935752337061
1807;2.29995247243738;2.29995247243738
1808;2.29834815700729;2.29834815700729
1809;2.30499018875717;2.30499018875717
1810;2.29138554362326;2.29138554362326
1811;2.31221684136886;2.31221684136886
1812;2.32031524716613;2.32031524716613
1813;2.31430459081348;2.31430459081348
1814;2.31672633366319;2.31672633366319
1815;2.32373054432156;2.32373054432156
1816;2.33275438421219;2.33275438421219
1817;2.35222816086034;2.35222816086034
1818;2.35670036174253;2.35670036174253
1819;2.35745223981669;2.35745223981669
1820;2.35522964671988;2.35522964671988
1821;2.36113879250266;2.36113879250266
1822;2.36272462528538;2.36272462528538
1823;2.36794633719347;2.36794633719347
1824;2.38786679364825;2.38786679364825
1825;2.37986558600053;2.37986558600053
1826;2.38649617296072;2.38649617296072
1827;2.39786891655491;2.39786891655491
1828;2.40129966856697;2.40129966856697
1829;2.40795966553571;2.40795966553571
1830;2.40512753290271;2.40512753290271
1831;2.41600139020984;2.41600139020984
1832;2.41814040464074;2.41814040464074
1833;2.41852830534225;2.41852830534225
1834;2.43406938879995;2.43406938879995
1835;2.44212993217277;2.44212993217277
1836;2.45401343795356;2.45401343795356
1837;2.44678377137173;2.44678377137173
1838;2.44491040039738;2.44491040039738
1839;2.45909571025683;2.45909571025683
1840;2.46384435698232;2.46384435698232
1841;2.47221896204459;2.47221896204459
1842;2.48763975443595;2.48763975443595
1843;2.48441694824907;2.48441694824907
1844;2.48872477794273;2.48872477794273
1845;2.50461177519899;2.50461177519899
1846;2.49773435460934;2.49773435460934
1847;2.50346519659775;2.50346519659775
1848;2.52297375982523;2.52297375982523
1849;2.52096003820475;2.52096003820475
1850;2.5403685757562;2.5403685757562
1851;2.5392868722528;2.5392868722528
1852;2.54142019594602;2.54142019594602
1853;2.53840585756462;2.53840585756462
1854;2.54943513913128;2.54943513913128
1855;2.54977307592898;2.54977307592898
1856;2.55851721073917;2.55851721073917
1857;2.56113986820403;2.56113986820403
1858;2.57315843222522;2.57315843222522
1859;2.57113959328003;2.57113959328003
1860;2.58139600268039;2.58139600268039
1861;2.57373789720174;2.57373789720174
1862;2.58462843973273;2.58462843973273
1863;2.59240020004681;2.59240020004681
1864;2.59608504579672;2.59608504579672
1865;2.60213718119999;2.60213718119999
1866;2.59621763981163;2.59621763981163
1867;2.59520279219051;2.59520279219051
1868;2.60868014782497;2.60868014782497
1869;2.61181883684398;2.61181883684398
1870;2.61637464590214;2.61637464590214
1871;2.62427146081297;2.62427146081297
1872;2.63083436442544;2.63083436442544
1873;2.63841782737315;2.63841782737315
1874;2.62201023694951;2.62201023694951
1875;2.63797580623922;2.63797580623922
1876;2.64484768150966;2.64484768150966
1877;2.64691118271456;2.64691118271456
1878;2.66524347137091;2.66524347137091
1879;2.66622188534782;2.66622188534782
1880;2.66583414955579;2.66583414955579
1881;2.67747153050993;2.67747153050993
1882;2.6820287027471;2.6820287027471
1883;2.68742069648665;2.68742069648665
1884;2.6841477229884;2.6841477229884
1885;2.6954197845009;2.6954197845009
1886;2.70060028564828;2.70060028564828
1887;2.69816951699632;2.69816951699632
1888;2.72820723989438;2.72820723989438
1889;2.72108283598237;2.72108283598237
1890;2.72471710072932;2.72471710072932
1891;2.71592949117118;2.71592949117118
1892;2.73100141200183;2.73100141200183
1893;2.73896832465931;2.73896832465931
1894;2.74794523387142;2.74794523387142
1895;2.76418189434984;2.76418189434984
1896;2.75674924737519;2.75674924737519
1897;2.76442395132147;2.76442395132147
1898;2.76533014991757;2.76533014991757
1899;2.77523596293656;2.77523596293656
1900;2.78438410094281;2.78438410094281
1901;2.79514393709996;2.79514393709996
1902;2.78698234061439;2.78698234061439
1903;2.78872258240472;2.78872258240472
1904;2.79484044373499;2.79484044373499
1905;2.80070448849861;2.80070448849861
1906;2.79588791186006;2.79588791186006
1907;2.80778821552923;2.80778821552923
1908;2.81358832409086;2.81358832409086
1909;2.80676229286773;2.80676229286773
1910;2.8232149404103;2.8232149404103
1911;2.83665461903757;2.83665461903757
1912;2.81872001332386;2.81872001332386
1913;2.8286418662784;2.8286418662784
1914;2.83183723324315;2.83183723324315
1915;2.84909355371508;2.84909355371508
1916;2.83973248448251;2.83973248448251
1917;2.84501540353977;2.84501540353977
1918;2.86598066837678;2.86598066837678
1919;2.8655724242081;2.8655724242081
1920;2.87246871205373;2.87246871205373
1921;2.88269733075262;2.88269733075262
1922;2.886532871052;2.886532871052
1923;2.90163333924935;2.90163333924935
1924;2.8969679549103;2.8969679549103
1925;2.8964803413811;2.8964803413811
1926;2.8915908050003;2.8915908050003
1927;2.92490836565012;2.92490836565012
1928;2.92319161380866;2.92319161380866
1929;2.92378001955206;2.92378001955206
1930;2.93515479493121;2.93515479493121
1931;2.93856214410394;2.93856214410394
1932;2.93572037604595;2.93572037604595
1933;2.9484783140932;2.9484783140932
1934;2.95873267497325;2.95873267497325
1935;2.9600086257485;2.9600086257485
1936;2.97052758362694;2.97052758362694
1937;2.96480361760476;2.96480361760476
1938;2.9759188029896;2.9759188029896
1939;2.99416437444859;2.99416437444859
1940;2.98283778021033;2.98283778021033
1941;3.01098080525016;3.01098080525016
1942;3.02750512989092;3.02750512989092
1943;3.02005875862504;3.02005875862504
1944;3.04350348710744;3.04350348710744
1945;3.04681074076062;3.04681074076062
1946;3.0451776719986;3.0451776719986
1947;3.05688740346557;3.05688740346557
1948;3.06201461680298;3.06201461680298
1949;3.07808266133788;3.07808266133788
1950;3.06850035098075;3.06850035098075
1951;3.08281023308629;3.08281023308629
1952;3.10079794146137;3.10079794146137
1953;3.08005100537505;3.08005100537505
1954;3.10949264315887;3.10949264315887
1955;3.13509842976131;3.13509842976131
1956;3.11698701292002;3.11698701292002
1957;3.12930771291474;3.12930771291474
1958;3.1401135268975;3.1401135268975
1959;3.12845689778949;3.12845689778949
1960;3.13862373150818;3.13862373150818
1961;3.14681499831677;3.14681499831677
1962;3.17410211559583;3.17410211559583
1963;3.17094134169601;3.17094134169601
1964;3.19219512838263;3.19219512838263
1965;3.1782008721581;3.1782008721581
1966;3.19635426655327;3.19635426655327
1967;3.17729463457106;3.17729463457106
1968;3.20605398114701;3.20605398114701
1969;3.19794608825704;3.19794608825704
1970;3.20482960087088;3.20482960087088
1971;3.19396934168764;3.19396934168764
1972;3.2049840382711;3.2049840382711
1973;3.21798396069451;3.21798396069451
1974;3.22148027181393;3.22148027181393
1975;3.2098410103538;3.2098410103538
1976;3.22590226216851;3.22590226216851
1977;3.22482579481218;3.22482579481218
1978;3.23567321344743;3.23567321344743
1979;3.22480962044091;3.22480962044091
1980;3.23922605929087;3.23922605929087
1981;3.25738322182512;3.25738322182512
1982;3.24786548674683;3.24786548674683
1983;3.26346776379906;3.26346776379906
1984;3.27213287421151;3.27213287421151
1985;3.29543095180932;3.29543095180932
1986;3.27673686013375;3.27673686013375
1987;3.2908428507096;3.2908428507096
1988;3.31004201046392;3.31004201046392
1989;3.29780524514961;3.29780524514961
1990;3.32585876894029;3.32585876894029
1991;3.33627060061899;3.33627060061899
1992;3.32831250426356;3.32831250426356
1993;3.32211378204378;3.32211378204378
1994;3.34683619945337;3.34683619945337
1995;3.36942689852134;3.36942689852134
1996;3.3716874978019;3.3716874978019
1997;3.3840874689728;3.3840874689728
1998;3.36740966332482;3.36740966332482
1999;3.40051227571105;3.40051227571105
2000;3.39468434930455;3.39468434930455
2001;3.41253530453516;3.41253530453516
2002;3.39851961385486;3.39851961385486
2003;3.41533073978727;3.41533073978727
2004;3.43180597137848;3.43180597137848
2005;3.4536015718021;3.4536015718021
2006;3.45995356008251;3.45995356008251
2007;3.4632567445864;3.4632567445864
2008;3.4790761535311;3.4790761535311
2009;3.48043214894397;3.48043214894397
2010;3.49640696224513;3.49640696224513
2011;3.52272807225712;3.52272807225712
2012;3.51680397563363;3.51680397563363
2013;3.50975909020569;3.50975909020569
2014;3.53503593363544;3.53503593363544
2015;3.51865069891659;3.51865069891659
2016;3.55929580267407;3.55929580267407
2017;3.56232553980032;3.56232553980032
2018;3.59377379662237;3.59377379662237
2019;3.58896888606416;3.58896888606416
2020;3.58189310289759;3.58189310289759
2021;3.59365531849753;3.59365531849753
2022;3.62622058521711;3.62622058521711
2023;3.65102359934352;3.65102359934352
2024;3.67770614838911;3.67770614838911
2025;3.66988567703823;3.66988567703823
2026;3.69898360547272;3.69898360547272
2027;3.72963470173898;3.72963470173898
2028;3.79786828429963;3.79786828429963
2029;3.81595138872461;3.81595138872461
2030;3.85311751834896;3.85311751834896
2031;3.9057140774185;3.9057140774185
2032;3.88966521621963;3.88966521621963
2033;3.94748022009662;3.94748022009662
2034;3.93846116720488;3.93846116720488
2035;3.95323583991076;3.95323583991076
2036;4.03346896187854;4.03346896187854
2037;4.1639811935139;4.1639811935139
2038;4.30811231178654;4.30811231178654
2039;5.17838157095712;5.17838157095712
2040;5.31801892488493;5.31801892488493
2041;5.19454047649387;5.19454047649387
2042;5.34562307436015;5.34562307436015
2043;-14054.029527745;-14054.029527745
2044;70266.6982658266;70266.6982658266
2045;15614.0473037014;15614.0473037014
2046;7395.75699905899;7395.75699905899
2047;494.761508372642;494.761508372642
